1 1 0.9714164644666049 0.9743350896087494 0.9588697805724846 0.9980019986673331 0.9627129408911995 0.9733612415243368 0.997004495503373 0.9185122844014575 0.97824023505121 0.9860975442628619 0.9860975442628619 0.9656054162575665 0.9057427080235485 0.9249644265435393 0.885148368502627 0.9704455335485082 0.999000499833375 0.9464851479534838 0.9890602787753687 0.981179362242806 0.9910403787728836 0.9588697805724846 0.97824023505121 0.9656054162575665 0.9704455335485082 0.9900498337491681 0.9980019986673331 0.9980019986673331 0.9714164644666049 0.9714164644666048 0.9851119396030626 0.9617507091463667 0.9370674633774034 0.9792189645694597 0.9860975442628619 0.9831436846349096 0.9940179640539353 0.927743486328553 0.9980019986673331 0.997004495503373 0.8336013404157353 0.9427067691570998 0.9792189645694596 0.9627129408911995 0.9656054162575665 0.9870841350202876 0.9665715046375066 0.9910403787728836 0.9950124791926823 0.20129173606714904 0.270360236497509 0.1765766887161338 0.3840432893753353 0.23740208837106513 0.3112994401382165 0.2385920712910904 0.5769498103804868 0.24512181203911743 0.43430857292399516 0.48142732197430926 0.3527484790331891 0.3715766910220457 0.25436119360819465 0.5137595112299983 0.26820598310842436 0.30727873860113125 0.40413754542145164 0.24171401689703645 0.43561345498720055 0.22650234067646885 0.388291085605873 0.19436839059432762 0.262369883958126 0.3112994401382165 0.2741718991903702 0.19436839059432776 0.16496862082263145 0.2873656018125957 0.5368696238914595 0.45203304202341466 0.4819089900902024 0.43257480847288676 0.18086579261712216 0.31223474070801055 0.2896737468973414 0.21653566731600704 0.2700900113960809 0.4065696597405992 0.40131846091054196 0.33387119636809437 0.27444620822121707 0.4041375454214516 0.5655254386995371 0.3700933529119613 0.388679570901753 0.3764387227380659 0.3266062376119534 0.6459714314106244 0.3925858655315184 0.0612372263925295 0.1701627409746968 0.06014481749244574 0.11080315836233401 0.07753700288409404 0.024355441115023736 0.2752707830897524 0.0417105994092606 0.07823798560064842 0.041585655121173216 0.14986805579784346 0.129639209290299 0.09479866045903018 0.17273442147423515 0.14213186862825652 0.11765484302177923 0.11555600208422454 0.020363727998688415 0.01465461464919304 0.1799637207131122 0.0725847815244687 0.19730589264063303 0.021110177686191264 0.1847041358075052 0.08458485900156469 0.059486849955972074 0.20556355968417395 0.2006887657666261 0.09603908835702421 0.07442227401699997 0.04614346184041631 0.026863145164772787 0.09236566133313859 0.17710721417257297 0.12381088481745997 0.035049287283075346 0.09135520674742537 0.11979180515772873 0.21914974844165486 0.1001586349917972 0.08045960674953251 0.11648415777349702 0.1701627409746968 0.06303910694591146 0.07150413491323387 0.11463524201852858 0.1605740615764741 0.13683218924147042 0.11497966411941897 0.18014377444568713 0
2 0.9714164644666049 1 0.9910403787728836 0.9890602787753686 0.9636761353490535 0.8878078007619501 0.9743350896087493 0.9821610323583008 0.9743350896087494 0.997004495503373 0.9277434863285529 0.9792189645694596 0.9980019986673331 0.9550419621907146 0.8311042838521258 0.7672059499758557 0.894938748929031 0.9704455335485083 0.8710986917457983 0.9323938199059483 0.951229424500714 0.9436499474367985 0.9408232397760097 0.9694755730760259 0.9588697805724845 0.9950124791926823 0.9753099120283327 0.9656054162575665 0.9753099120283327 0.9880717128619305 0.9940179640539353 0.9550419621907147 0.8763409950793734 0.835270211411272 0.9980019986673331 0.9910403787728836 0.939882886791089 0.9636761353490535 0.9743350896087494 0.9792189645694597 0.9723883668012469 0.9351952013367765 0.9704455335485082 0.9550419621907147 0.9075560061332727 0.9980019986673331 0.9305308958112058 0.9870841350202876 0.9361308642916188 0.9900498337491681 0.18674709698806385 0.25691756610368544 0.166127452346833 0.41395417487127417 0.23386763174103772 0.3166367693790533 0.22537265553943872 0.6306526773980543 0.23811536401468714 0.45520837401361597 0.5455286251592933 0.34888950901015336 0.39653141907499295 0.2520822136585881 0.5194420625870482 0.25436119360819465 0.3075861710303277 0.41354042760451526 0.2558919484420838 0.4584060113052236 0.21958848653038093 0.3886795709017531 0.19889067044081965 0.26263238507076536 0.30483031544319683 0.26368501847434483 0.1891906579819821 0.15802532088964788 0.28593235989424803 0.557105861812174 0.48239114011512596 0.514273527706632 0.44263932736135125 0.18359922902771802 0.3150575369034134 0.27417189919037027 0.20535809887201756 0.2819571979170027 0.40697643275294826 0.42400925337104733 0.3492385730220808 0.26928095555245013 0.41769657799799886 0.6218850564650201 0.38174592861344714 0.3875152794993698 0.3790830381033988 0.32238783554542555 0.6935028012097558 0.39931687673639005 0.05784432087483853 0.1741218391170475 0.05669892657984696 0.10893542538153042 0.07487014994525978 0.0225053999677533 0.29789923119941014 0.039399584831710396 0.07878757281094306 0.03677268370743981 0.14184788896532288 0.12950963487901224 0.09044620725240934 0.18104674887278732 0.1439916452768591 0.1118048878084378 0.11158150149359783 0.01730084387095716 0.014037822289505173 0.19204990862075416 0.0676099579384495 0.20149312848264125 0.01982126356686726 0.18525908021533122 0.07863015513546923 0.054748790601490314 0.20494779311679737 0.1969116752041941 0.09498844750373066 0.06987830848536646 0.043849147571474595 0.022640838276170364 0.09135520674742537 0.1758717926931765 0.12643840580834426 0.03225765176022613 0.08543495096732134 0.11497966411941897 0.21588703375088195 0.09423157146452549 0.07630628285344244 0.10959100269904139 0.1741218391170475 0.058953870312372265 0.0664703031656185 0.10981040403263928 0.16431006433040052 0.1321259030499441 0.10795940523189708 0.1781730517728985 0
3 0.9743350896087494 0.9910403787728836 1 0.9940179640539353 0.9743350896087494 0.8886960526146174 0.9930244429332351 0.9831436846349096 0.981179362242806 0.990049833749168 0.9249644265435393 0.9860975442628619 0.9930244429332351 0.9753099120283326 0.8302735949819329 0.7772447380689461 0.9030295516688769 0.9733612415243369 0.8581297218113939 0.9445940693665235 0.933326680078202 0.9521811296985049 0.9743350896087494 0.9588697805724846 0.959829129947799 0.97824023505121 0.9743350896087494 0.9627129408911995 0.9704455335485082 0.9910403787728836 0.9890602787753687 0.9408232397760097 0.894938748929031 0.8478937040879159 0.9910403787728836 0.9900498337491681 0.9296008300257927 0.97824023505121 0.9870841350202876 0.9762857097579094 0.981179362242806 0.9175942312201509 0.9910403787728836 0.9579113900670307 0.9121051495450905 0.9930244429332351 0.9408232397760098 0.9980019986673331 0.9370674633774034 0.9890602787753687 0.1605740615764741 0.22718286797905668 0.1422740715865135 0.3697234445440589 0.20230071509301079 0.28337051425301996 0.20008760166634967 0.5874289361645235 0.20597509820488358 0.41895154924763917 0.49608896669752645 0.31411378063492296 0.3457635911593078 0.22201729383194943 0.4771139155210345 0.22179538750977074 0.2785939314996033 0.3700933529119614 0.21914974844165486 0.4118895698108278 0.1969116752041941 0.3457635911593078 0.1703329888254094 0.23038579631478834 0.2674025708800009 0.2299254851867239 0.16105650706760619 0.13560622465418973 0.25385297960438674 0.5045945719335512 0.43430857292399516 0.46394002109164667 0.3977227995093343 0.159773195103246 0.2876531111451154 0.24832919843664533 0.17799496777796336 0.24195585181123766 0.3715766910220458 0.381745928613447 0.3131728513925785 0.23859207129109056 0.37306597436711353 0.5746466205894658 0.34369522092815236 0.3516918193780668 0.34266568034839284 0.2850758482244536 0.6472646670780347 0.3602345254702912 0.05003662708658631 0.15274277218313173 0.04702856951142993 0.09348072627805855 0.06373636501100316 0.018042954550750234 0.2719872741483365 0.03203263666953283 0.06521928966812753 0.030992811143078603 0.12344000875525783 0.11047124700321906 0.07653554542391156 0.15850010867790837 0.12681829056799515 0.09729574708953284 0.09556009140552765 0.014235733950639606 0.010965514238894287 0.16414583639372404 0.05721152013003965 0.17960415295929572 0.015670113178773346 0.15993304821158222 0.06734005826590692 0.04550195440462157 0.1787083735093306 0.17342674287984836 0.08086291220670373 0.057844320874838484 0.0355079025582302 0.018592444322737788 0.0777699631584377 0.1518290594294307 0.10806741863482935 0.02601713290743146 0.0747953172179143 0.0992612515596457 0.19128324333905466 0.0798983561710816 0.06495893356879508 0.09348072627805855 0.15274277218313173 0.0498867421451524 0.05692617648297278 0.0938553980271066 0.14043647888778824 0.1138355973459659 0.0952738407220243 0.15755195533034197 0
4 0.9588697805724846 0.9890602787753686 0.9940179640539353 1 0.9588697805724845 0.8728426324887193 0.9890602787753687 0.9753099120283326 0.9910403787728836 0.990049833749168 0.9048374180359595 0.9860975442628619 0.9930244429332351 0.9733612415243368 0.7913618158955839 0.7452764914432886 0.8728426324887193 0.9579113900670306 0.8394570207692074 0.927743486328553 0.9258898536064953 0.9370674633774034 0.951229424500714 0.9588697805724846 0.9714164644666048 0.9821610323583007 0.9704455335485082 0.9493288668428895 0.9550419621907146 0.997004495503373 0.9950124791926823 0.9258898536064953 0.8719702261321095 0.8162782414256099 0.9910403787728836 0.9743350896087493 0.903933032885864 0.964640293483123 0.9910403787728836 0.9665715046375066 0.9636761353490535 0.9323938199059482 0.9910403787728836 0.9521811296985049 0.910282762240767 0.9930244429332351 0.927743486328553 0.9980019986673331 0.9185122844014574 0.9792189645694596 0.1746449889668108 0.24808099336142997 0.15660947387018298 0.410245302259044 0.22313016014842993 0.3163202908752992 0.22024824112705113 0.6401837720616471 0.22627595154922175 0.4620879675837001 0.5482630987723046 0.34369522092815236 0.38060240696771647 0.24733786563028817 0.5137595112299984 0.24026807495929065 0.3103669412654851 0.4065696597405992 0.24512181203911743 0.4524853011573168 0.21980818484776177 0.37531109885139957 0.1920499086207541 0.2571746121714025 0.29141701395008573 0.25007360111209415 0.17799496777796336 0.1507699671609874 0.28111259386278603 0.5433508690744998 0.47711391552103444 0.5076312402601327 0.4334408238165044 0.18195424947803904 0.32174370422037024 0.2722593974614645 0.1951474211791675 0.26847432323923653 0.40738361274176393 0.421894498397364 0.3509891386542614 0.2642129162330864 0.4090164106114069 0.626253523657556 0.38060240696771647 0.38635447573711773 0.37719235356315683 0.31192266203264674 0.6928096450443917 0.3957391487712368 0.058018114397401725 0.174644988966811 0.05377212869752812 0.107528430135795 0.07346104597431327 0.021004890235735253 0.31036694126548503 0.0371422553228328 0.07562260746182638 0.0352249725666889 0.13779337479074538 0.12580779162853092 0.08663945211544613 0.1815907046450974 0.1447134064023888 0.10970064851551141 0.10882654440571018 0.016342274515542307 0.012997477224583932 0.1880589126652742 0.06489400710386926 0.20412963934274964 0.01835230682222249 0.17960415295929572 0.07653554542391151 0.051922658714032066 0.19988761407514452 0.1943683905943277 0.09301448921066352 0.0657431365792699 0.04084380996510772 0.021004890235735214 0.08945675095924271 0.17152950265984707 0.12555642749319726 0.029629049407711973 0.08517903018752954 0.11304153064044985 0.2139527677006283 0.0897255241703572 0.07382927099961292 0.10372625640397282 0.174644988966811 0.05715433720613676 0.06469961681378547 0.10518863677072769 0.1589763229682169 0.12809283557753198 0.10785149978837902 0.1787083735093306 0
5 0.9980019986673331 0.9636761353490535 0.9743350896087494 0.9588697805724845 1 0.9627129408911995 0.9792189645694596 0.9950124791926823 0.9185122844014574 0.9723883668012469 0.9821610323583007 0.9880717128619305 0.9598291299477989 0.9093729344682314 0.9194312560951248 0.8886960526146173 0.9704455335485082 0.997004495503373 0.9389434736891332 0.9930244429332351 0.9714164644666048 0.9930244429332351 0.9685065820791976 0.9723883668012469 0.967538559589032 0.9607894391523232 0.9880717128619305 0.9940179640539353 0.9920319148370607 0.9714164644666048 0.967538559589032 0.9753099120283326 0.9694755730760259 0.9408232397760097 0.9733612415243368 0.9801986733067554 0.9733612415243368 0.9980019986673331 0.9296008300257927 0.9940179640539353 0.997004495503373 0.8220122346781865 0.9483800124822982 0.9792189645694596 0.9665715046375066 0.9598291299477989 0.9910403787728836 0.9685065820791976 0.9890602787753687 0.9910403787728836 0.19224205458634552 0.26132250058554946 0.16863814726859544 0.3712053000574552 0.22718286797905676 0.30270395418214285 0.2315406099245259 0.5655254386995371 0.23457028809379776 0.4257086869858503 0.4671989943381879 0.34300851741870675 0.3548713320980274 0.24585828162726486 0.5015760690660556 0.2571746121714024 0.30059242547541 0.3914098728060066 0.2299254851867239 0.421894498397364 0.22113099842915415 0.3745612267757298 0.18562996914105798 0.2530925618624996 0.29909321449882925 0.2628951488158117 0.18488893232617243 0.15786737455508765 0.2783154768186487 0.5199617644572618 0.4377969765169597 0.46673202886549986 0.4189515492476391 0.17447043127123843 0.30666479527190604 0.28337051425301996 0.2076295078054162 0.2569175661036854 0.3977227995093343 0.389457707921197 0.32465246735834963 0.2658029590889267 0.3906278353585212 0.5521144043069306 0.3598744710020595 0.3794623107462176 0.3667774566511966 0.3150575369034134 0.6319152448994959 0.38174592861344714 0.05942739283952909 0.1648037346586314 0.057097211436575916 0.10667163444703585 0.07449673351456078 0.02289126230425889 0.270360236497509 0.03936020494010613 0.0741251795060797 0.03987522800100239 0.14456876532857676 0.12405875437402819 0.0905366986978435 0.16696016966704075 0.13793123708519486 0.11372181864745087 0.11102498643318677 0.019409357186406115 0.013636571697281616 0.17187290495299243 0.0694602939321568 0.19224205458634552 0.019722404602400177 0.1771072141725729 0.08143093836426381 0.056585642048979624 0.19789869908361465 0.1943683905943277 0.09208897957928128 0.07051005184258033 0.04336945012110494 0.025501959159109806 0.08856664141493903 0.1701627409746968 0.11895619058472025 0.03287640670151349 0.08883274028791921 0.11555600208422454 0.21267289455348315 0.09565569929290957 0.07715028546887265 0.11124725860413345 0.1648037346586314 0.06044629464471151 0.06883795600820049 0.10970064851551141 0.1533549668449285 0.13146692235929694 0.112028721342978 0.1751697106226539 0
6 0.9627129408911995 0.8878078007619501 0.8886960526146174 0.8728426324887193 0.9627129408911995 1 0.9057427080235484 0.9521811296985049 0.8081561372164885 0.9030295516688769 0.9880717128619305 0.9361308642916188 0.8737159116880344 0.7811406935313765 0.9550419621907147 0.9627129408911995 0.9841273200552851 0.9656054162575665 0.9890602787753687 0.9851119396030626 0.9714164644666048 0.9831436846349096 0.881614846783416 0.9550419621907146 0.9333266800782019 0.9030295516688769 0.9588697805724845 0.9723883668012469 0.9588697805724845 0.9021269734815165 0.9003245225862656 0.9714164644666048 0.9792189645694596 0.9772624837732771 0.9075560061332727 0.910282762240767 0.9636761353490535 0.9493288668428896 0.8179124315538594 0.9588697805724845 0.9521811296985049 0.701874967355394 0.8445089033860343 0.9636761353490535 0.9860975442628619 0.880733672597157 0.9851119396030626 0.881614846783416 0.9870841350202876 0.9370674633774034 0.27117253504559996 0.34854079388776404 0.2383535984760795 0.42021029106405033 0.29999184140872065 0.36972344454405903 0.31317285139257856 0.5815839205891371 0.3116108952799712 0.48094613528577806 0.47854740642884125 0.4265609563450915 0.41065575275234567 0.3169535645196031 0.579262231380782 0.3457635911593078 0.3715766910220458 0.4620879675837003 0.2842219022392176 0.4804654295434223 0.2920004312007643 0.4584060113052236 0.24123107196915192 0.32174370422037024 0.3840432893753354 0.34854079388776404 0.2520822136585882 0.221352240029947 0.353101403945268 0.5839149151526287 0.4887031641990796 0.5158186648365942 0.4926284698001356 0.22763768838381285 0.37306597436711353 0.37194845356335826 0.2853610666581267 0.3175881059785874 0.47616064128198965 0.4461946442862717 0.38174592861344714 0.3426656803483931 0.4593237407513705 0.5689287911791218 0.4257086869858503 0.4588646465959546 0.4426393273613512 0.39812072123654707 0.6550786331118064 0.4552083740136161 0.09008514502926218 0.21416682748038054 0.08865525235443947 0.14986805579784346 0.11003024460799965 0.038580820663374094 0.3091279531286805 0.062474300425180415 0.1062458001456294 0.06653680671501691 0.20556355968417403 0.171186786484941 0.13398867466880504 0.21224797382674315 0.1839667949291529 0.16431006433040052 0.15850010867790842 0.034944296985415305 0.023213993825905714 0.21545569116974217 0.10699212985311453 0.24536705645292634 0.0331736298597857 0.23574607655586363 0.12319337545326038 0.08909963865616151 0.26132250058554957 0.25924026064589156 0.13120425127322147 0.107528430135795 0.06842616488090589 0.04545647519361239 0.12669153566544136 0.22786543992898997 0.158976322968217 0.05463940244490667 0.1317301193132372 0.16463901329837966 0.2797105389516965 0.14270153467530905 0.1160191517744091 0.1643100643304006 0.21416682748038054 0.0934807262780585 0.10582166577929189 0.15945396804650525 0.20372178805130614 0.18581569195612974 0.1621878577247012 0.2327012120615712 0
7 0.9733612415243368 0.9743350896087493 0.9930244429332351 0.9890602787753687 0.9792189645694596 0.9057427080235484 1 0.9821610323583007 0.9704455335485083 0.9772624837732771 0.9277434863285527 0.9910403787728836 0.9762857097579093 0.9627129408911995 0.8311042838521256 0.800114849294554 0.9130177108992658 0.9743350896087494 0.8641577031846427 0.9588697805724846 0.9286716938412871 0.964640293483123 0.9792189645694596 0.9617507091463667 0.9704455335485082 0.9636761353490534 0.9792189645694596 0.9617507091463666 0.9636761353490534 0.990049833749168 0.9821610323583008 0.9361308642916187 0.9139311852712282 0.8641577031846427 0.9801986733067553 0.9753099120283326 0.9194312560951247 0.9831436846349096 0.97824023505121 0.9733612415243368 0.9821610323583007 0.8842636625608209 0.9900498337491681 0.9704455335485082 0.9351952013367766 0.9801986733067554 0.9550419621907147 0.9950124791926823 0.9417645335842487 0.9821610323583007 0.16696016966704066 0.2385920712910904 0.14852529478385026 0.37606247217196515 0.209088013173283 0.29582121811203316 0.21267289455348304 0.5951153658775501 0.21246032795994033 0.43561345498720055 0.49559312569265146 0.3285717657253846 0.3447278547672202 0.23223627472975883 0.492136087562486 0.22969567462596835 0.294935084322981 0.37870414454364987 0.22201729383194943 0.418951549247639 0.2114006776535105 0.35451663814246503 0.17569600880707487 0.23906973293609704 0.27527078308975234 0.2376396092000572 0.1657955294756516 0.14241641681885417 0.26553728898702783 0.5091564206075492 0.4399914429939336 0.46813432734809657 0.40697643275294815 0.16813299094014966 0.3057461794987118 0.26553728898702783 0.18581569195612962 0.24414328315343706 0.38867957090175315 0.39140987280600653 0.3243279771631298 0.25007360111209426 0.3809831997393373 0.5786832586839974 0.3559375446134354 0.3671444175577209 0.3570069605691474 0.29464029665705654 0.6531163421206756 0.37306597436711353 0.055576212611483114 0.16235012670339288 0.050287436723591906 0.09995851790560555 0.06897576968795878 0.019370577264881506 0.2873656018125957 0.034047454734599344 0.06835777291770583 0.034286623030173005 0.13225809503797212 0.11648415777349702 0.0816755979852935 0.16746180224868998 0.13669542544552393 0.10550467650360945 0.1019778139143872 0.015811780745176342 0.011678566970395453 0.16863814726859555 0.061914554356941674 0.1920499086207541 0.016655746282908647 0.167294424149439 0.07316778869598221 0.04875244153612865 0.1876831707071491 0.18433509669801268 0.086466346374658 0.06099276673222606 0.037440585093407336 0.020363727998688436 0.08332555451208307 0.1591353788058493 0.11372181864745087 0.027708944826262516 0.08257898910511538 0.1065650161306318 0.20331475164728624 0.08526425182143217 0.07029883866522854 0.0995594824369675 0.16235012670339288 0.05431254757540968 0.0623494766896734 0.10015863499179714 0.1463140412246355 0.12123796643338168 0.10476872261184794 0.16880686976305118 0
8 0.997004495503373 0.9821610323583008 0.9831436846349096 0.9753099120283326 0.9950124791926823 0.9521811296985049 0.9821610323583007 1 0.939882886791089 0.9890602787753687 0.9753099120283326 0.9950124791926823 0.97824023505121 0.9212719586963487 0.8967304174982355 0.8581297218113937 0.9521811296985049 0.9960079893439915 0.9323938199059483 0.9821610323583008 0.9801986733067553 0.9860975442628619 0.9559974818330998 0.9851119396030626 0.9801986733067554 0.9831436846349096 0.9950124791926823 0.9950124791926823 0.9950124791926823 0.9860975442628619 0.9860975442628619 0.9801986733067553 0.9474321065017983 0.9139311852712282 0.9900498337491681 0.9870841350202876 0.9704455335485082 0.9930244429332351 0.9455391358903963 0.999000499833375 0.9940179640539353 0.8598476986592055 0.9569539574730468 0.9821610323583008 0.9636761353490535 0.97824023505121 0.9821610323583008 0.9792189645694596 0.9821610323583008 0.9980019986673331 0.20762950780541622 0.2811125938627861 0.18359922902771786 0.40983526201107906 0.24882635382318677 0.3308798369099922 0.24907530463166822 0.6132393269939277 0.25589194844208385 0.4616261105831049 0.5168513344916993 0.36972344454405903 0.3933718229580222 0.2687429318443944 0.5363330226129243 0.2772044384694566 0.32595367791394747 0.4261346085981489 0.2574319154137532 0.4611647152086585 0.2393089222437546 0.4053517784966541 0.20700755268115262 0.2777594021250632 0.3243279771631299 0.28450626629979 0.2033147516472863 0.17290724229171645 0.30300680953876546 0.5615805837291813 0.47950545897489416 0.5101757524408203 0.45429886707569567 0.19378615920630035 0.33253837899445876 0.3024014015294998 0.22514739553267438 0.285932359894248 0.4278425606593952 0.4265609563450915 0.35700696056914744 0.28880602788595583 0.42613460859814883 0.6010963747389753 0.3925858655315184 0.4090164106114069 0.39692814882588245 0.34163922376206957 0.6784123432641042 0.4139541748712742 0.06561178170477086 0.18304925671158823 0.06367266050355459 0.11871851595740292 0.08290996657517274 0.025887371915708897 0.2990932144988293 0.04442290785128802 0.0841629902573104 0.04358684039449773 0.15739448212473728 0.13834565210817365 0.10015863499179724 0.18656044323350757 0.15259010575688395 0.12430712016577938 0.12282434914313552 0.02130102681823129 0.0157644164848545 0.19436839059432776 0.07653554542391151 0.2118239020921814 0.022527916624172833 0.1959295741269093 0.08936733892175322 0.06272469808834395 0.21762105686523295 0.21246032795994024 0.10289975675931304 0.07847305198072076 0.048947841842351944 0.027820002572984004 0.09896391403425799 0.18824706563874682 0.13398867466880504 0.03680947478361938 0.09690734143036708 0.12732657963067393 0.23200415453447015 0.10518863677072769 0.08517903018752954 0.12160222644951117 0.18304925671158823 0.06687032384659386 0.07554702265306763 0.12063328955315837 0.17135805889335742 0.14456876532857668 0.12172388949734589 0.19224205458634558 0
9 0.9185122844014575 0.9743350896087494 0.981179362242806 0.9910403787728836 0.9185122844014574 0.8081561372164885 0.9704455335485083 0.939882886791089 1 0.9694755730760259 0.8478937040879158 0.9559974818331 0.9821610323583008 0.9880717128619305 0.7254232509901413 0.6709907013534459 0.8146473164114146 0.917594231220151 0.7710515858035665 0.8763409950793735 0.874590064603334 0.8886960526146175 0.933326680078202 0.9203511472201248 0.9361308642916188 0.959829129947799 0.933326680078202 0.9039330328858641 0.9148455735744521 0.97824023505121 0.9762857097579094 0.8780954309205613 0.8105842459701872 0.7482635675785653 0.9704455335485082 0.9521811296985049 0.8538497819684818 0.9277434863285529 0.9980019986673331 0.927743486328553 0.9286716938412872 0.9617507091463667 0.990049833749168 0.9121051495450905 0.8529963589691316 0.9821610323583008 0.8745900646033342 0.9870841350202876 0.8641577031846428 0.9493288668428896 0.14690046946410884 0.21459558975469484 0.13225809503797206 0.3851971491677552 0.19495237129918258 0.285932359894248 0.18975908216588583 0.6218850564650201 0.19612560169848656 0.4330075996408777 0.5368696238914595 0.30758617103032765 0.351691819378067 0.21827490031061422 0.47283915555577966 0.20659395131502356 0.2794309682214074 0.37046363137324756 0.22246177275037218 0.42063071153031256 0.1928196467050887 0.3372266576761849 0.1701627409746967 0.22786543992898992 0.2561479683791594 0.21675231128725506 0.15304856341680131 0.12860623303021784 0.2500736011120942 0.5050994188868908 0.44798299718474377 0.47759126807305213 0.396531419074993 0.16121764412977688 0.2920004312007642 0.23740208837106513 0.16679329294963874 0.24219792868131085 0.36972344454405914 0.39297864775543007 0.3230332564222529 0.2327012120615712 0.37493597534556145 0.6083529838111763 0.34888950901015336 0.34854079388776404 0.34163922376206945 0.2763740713275364 0.6689807456903468 0.36059494017307836 0.048703713462689965 0.1559842871816615 0.04433415082220021 0.09245807319270055 0.06216270855188719 0.016739233558580664 0.29317077204680525 0.030257838624213308 0.06476434879119362 0.028127711899855207 0.11730240741045753 0.10926272235766649 0.07287570210383137 0.16447445657715493 0.1287349035878043 0.09338729227656742 0.09264317437857136 0.012537890244462856 0.010420294292640868 0.1703329888254095 0.053718383445935186 0.18378292008696762 0.014654614649193013 0.15786737455508765 0.0636090196687718 0.0422141418141065 0.17604775245108528 0.17016274097469675 0.07997829448975062 0.054095731306733674 0.03340665992248503 0.016082878822588433 0.0769191814418346 0.14956861922263517 0.11014032988607304 0.02375410313130504 0.0717907242494403 0.09623135874003111 0.18843540685930082 0.075020040085327 0.06197649987889754 0.08724805590839955 0.1559842871816615 0.04731158913832083 0.05377212869752812 0.08936733892175322 0.1405769856083275 0.10970064851551141 0.09162968387750492 0.15708000773969757 0
10 0.97824023505121 0.997004495503373 0.990049833749168 0.990049833749168 0.9723883668012469 0.9030295516688769 0.9772624837732771 0.9890602787753687 0.9694755730760259 1 0.9398828867910889 0.9880717128619305 0.997004495503373 0.9483800124822981 0.8419791731685 0.7850561775518295 0.9030295516688769 0.9753099120283327 0.8860339595928757 0.9445940693665235 0.9617507091463667 0.9521811296985049 0.9417645335842487 0.972388366801247 0.9733612415243368 0.9960079893439915 0.9801986733067554 0.9743350896087494 0.9801986733067554 0.9930244429332351 0.997004495503373 0.9579113900670306 0.8967304174982356 0.8529963589691316 0.999000499833375 0.9880717128619305 0.9445940693665233 0.9743350896087494 0.9694755730760259 0.9860975442628619 0.9753099120283327 0.9157608767233256 0.9694755730760259 0.9579113900670307 0.9249644265435394 0.9930244429332351 0.9464851479534839 0.9880717128619305 0.9483800124822982 0.9930244429332351 0.19495237129918253 0.26660156527652035 0.17342674287984836 0.41937071034250406 0.24123107196915206 0.3272601037353454 0.23480497570614037 0.6350827332459282 0.24709065139237818 0.4630130683112282 0.5471676683703055 0.35843784827899394 0.40333007806711885 0.26158395379095 0.5283480641793911 0.26342146525444315 0.3179058529315637 0.4257086869858504 0.26027929837855723 0.46719899433818807 0.22786543992898992 0.3977227995093343 0.20515284341797724 0.2730774020472243 0.3144280515248137 0.2725317930340127 0.19632182539568171 0.16431006433040052 0.29493508432298104 0.5655254386995372 0.4896815485857363 0.522045776761016 0.45203304202341477 0.19051963859332932 0.32562788715856045 0.28507584822445364 0.2135252897856347 0.2879409081307703 0.41895154924763917 0.4312790286889786 0.35951477640832896 0.27943096822140756 0.4265609563450915 0.6250022682827009 0.3914098728060066 0.40051662609081884 0.3902374027719919 0.3325383789944588 0.6941966508779789 0.4094256315984102 0.06074928295749163 0.17960415295929583 0.059546366559269946 0.11417761691083654 0.07831626271828486 0.023968854993292602 0.3036134295756733 0.041877775937051304 0.0822493329006453 0.038929615270717075 0.14748924811422762 0.1341227303601482 0.09423157146452549 0.18525908021533127 0.14734183258616207 0.11601915177440904 0.11695102752159432 0.018723048012613572 0.014861222132084118 0.1973058926406331 0.07072189961087472 0.20700755268115267 0.021110177686191292 0.1907102535235031 0.08274431235146415 0.05819243008338617 0.21097829881783214 0.20392561173421347 0.09876618400213158 0.0739770772986424 0.046235841112576226 0.02445305798306409 0.09479866045903018 0.18323239752344403 0.13278818689504926 0.03387764234567436 0.08936733892175328 0.12075398317946681 0.22313016014842998 0.09817536113917516 0.07934102062806957 0.11304153064044994 0.17960415295929583 0.0619145543569417 0.06939086835679781 0.11326783993558948 0.1684695934123013 0.137106127466866 0.11270291422711082 0.18525908021533133 0
11 0.9860975442628619 0.9277434863285529 0.9249644265435393 0.9048374180359595 0.9821610323583007 0.9880717128619305 0.9277434863285527 0.9753099120283326 0.8478937040879158 0.9398828867910889 1 0.9550419621907146 0.9166770956331523 0.8294437363854038 0.9665715046375067 0.9398828867910889 0.9880717128619305 0.9851119396030626 0.9851119396030626 0.9890602787753686 0.9870841350202876 0.9870841350202876 0.9139311852712281 0.9627129408911995 0.9408232397760097 0.9361308642916188 0.9704455335485082 0.9920319148370607 0.9860975442628619 0.9277434863285529 0.9296008300257926 0.9870841350202876 0.9792189645694597 0.9733612415243368 0.9408232397760097 0.951229424500714 0.9910403787728836 0.9723883668012469 0.8581297218113938 0.9821610323583007 0.9753099120283326 0.7542736845330889 0.8789739655455832 0.9636761353490534 0.9704455335485082 0.9166770956331523 0.9890602787753686 0.9139311852712281 0.999000499833375 0.967538559589032 0.23480497570614037 0.30300680953876546 0.20474294776342766 0.389457707921197 0.263948835379287 0.32922956683868165 0.26793791118361776 0.5587796888828463 0.2752707830897525 0.4386734466479679 0.4634763129632616 0.3783256296880768 0.3867410234545013 0.2777594021250632 0.5325918010068973 0.30422126406670413 0.32562788715856045 0.42485812046192467 0.2571746121714025 0.4470879265593565 0.24783303636722886 0.4164453660203802 0.2122479738267431 0.2853610666581267 0.3433516974975665 0.3078939110457207 0.22090997795937828 0.18862393651527723 0.31067746344196195 0.5521144043069307 0.45840601130522357 0.4877267346257312 0.4529380127765578 0.19632182539568163 0.3269330072071322 0.3194993626507087 0.247090651392378 0.2896737468973414 0.4274149319487268 0.41024530225904404 0.34541800039233117 0.3002919832960612 0.4223166039133439 0.5488116360940264 0.3851971491677552 0.41188956981082764 0.397325275504954 0.3559375446134354 0.6319152448994958 0.4118895698108277 0.07058059716120348 0.1825009318400044 0.07171896940859081 0.12468060146811931 0.08901058355247851 0.03034874843662224 0.27417189919037027 0.050539503549134716 0.08909963865616151 0.05130331033191918 0.17101568526332533 0.1447134064023888 0.11014032988607295 0.182318522128221 0.15304856341680131 0.13398867466880504 0.1318619153195706 0.02641033151817719 0.018187877104451564 0.19109205570546467 0.0858631954411669 0.20908801317328293 0.026304901193327918 0.20331475164728618 0.0992612515596457 0.07207846223876613 0.22537265553943878 0.22090997795937825 0.10828376975109823 0.08909963865616151 0.05579896266503616 0.0350492872830753 0.10414199234716065 0.19651824541471852 0.1360136541668492 0.043499753829302795 0.10487354373628695 0.13642230780331427 0.2393089222437546 0.11730240741045753 0.0934807262780585 0.13560622465418978 0.1825009318400044 0.074422274017 0.08391087964154503 0.13159845503703405 0.17569600880707495 0.15520631230372822 0.1306804825040251 0.19671486195201715 0
12 0.9860975442628619 0.9792189645694596 0.9860975442628619 0.9860975442628619 0.9880717128619305 0.9361308642916188 0.9910403787728836 0.9950124791926823 0.9559974818331 0.9880717128619305 0.9550419621907146 1 0.9792189645694596 0.9351952013367766 0.8589882807411235 0.8302735949819326 0.9286716938412871 0.9851119396030626 0.9057427080235485 0.9733612415243368 0.9636761353490534 0.9772624837732771 0.9569539574730467 0.9801986733067554 0.9910403787728836 0.9801986733067554 0.9920319148370607 0.9821610323583007 0.9801986733067553 0.9950124791926823 0.9910403787728836 0.9598291299477989 0.9351952013367766 0.8895851931634113 0.9890602787753687 0.9762857097579093 0.9427067691570997 0.990049833749168 0.959829129947799 0.9900498337491681 0.9851119396030626 0.8693582353988059 0.9714164644666049 0.9792189645694596 0.9627129408911995 0.9792189645694596 0.9753099120283327 0.9880717128619305 0.9656054162575665 0.9910403787728836 0.20331475164728618 0.28083162177837984 0.18122788617521654 0.42021029106405033 0.24808099336143008 0.33993529102496023 0.2508249483728111 0.6350827332459282 0.2541069595528004 0.4780690982163777 0.5352614285189903 0.3745612267757298 0.39534360742609986 0.27280446113837653 0.5433508690744998 0.2730774020472242 0.33621649370673345 0.4325748084728869 0.25924026064589156 0.47001061473053807 0.24536705645292645 0.40575733301861555 0.20929720576531952 0.2819571979170028 0.32271038462863355 0.2813938470598095 0.2010905449434098 0.17238929786993223 0.30758617103032765 0.5655254386995371 0.48968154858573626 0.5199617644572618 0.4593237407513705 0.19908966058975253 0.3457635911593078 0.30697161345069907 0.22313016014842982 0.2862184352679895 0.43779697651695976 0.43735939836598303 0.3689847366091417 0.2925850164535569 0.4317105234290798 0.620022196981994 0.4025242240336361 0.41769657799799886 0.40535177849665405 0.3426656803483929 0.6928096450443917 0.42189449839736404 0.06781309236154871 0.1895694179316425 0.0636090196687718 0.121723889497346 0.08466948616709685 0.02570679307560229 0.31727067661374364 0.04437850714748873 0.08526425182143224 0.043543275340260756 0.15850010867790848 0.14043647888778826 0.10045956206168219 0.19359246990788392 0.1580253208896479 0.12618578170503883 0.12468060146811931 0.021110177686191292 0.01568579112962107 0.19928884982836245 0.07676549681480609 0.22024824112705113 0.022326075024184197 0.19809669676503916 0.09035580625318992 0.06253680597317074 0.22046859952901604 0.21653566731600704 0.10508350071074835 0.07792565872842606 0.04850928771955965 0.027187444813053303 0.10106413132814494 0.19109205570546478 0.13848406695617133 0.036044535783961405 0.09936056245837883 0.12976891334080587 0.23692775868212188 0.1048735437362869 0.0859491015825199 0.12051271656014947 0.1895694179316425 0.0676099579384495 0.07638262730215817 0.12075398317946681 0.17360025636501142 0.14587575685622745 0.12480534443067345 0.19829489254317706 0
13 0.9656054162575665 0.9980019986673331 0.9930244429332351 0.9930244429332351 0.9598291299477989 0.8737159116880344 0.9762857097579093 0.97824023505121 0.9821610323583008 0.997004495503373 0.9166770956331523 0.9792189645694596 1 0.9665715046375066 0.8146473164114146 0.7505117288370678 0.880733672597157 0.9627129408911995 0.8538497819684817 0.9249644265435393 0.9398828867910889 0.9342604735772135 0.9445940693665233 0.9579113900670307 0.9588697805724846 0.9910403787728836 0.967538559589032 0.9579113900670306 0.967538559589032 0.990049833749168 0.9940179640539353 0.9398828867910889 0.8710986917457983 0.8236579042685768 0.9960079893439915 0.9870841350202876 0.9268162065593822 0.9636761353490535 0.9821610323583008 0.9733612415243368 0.9665715046375066 0.9389434736891332 0.97824023505121 0.9436499474367985 0.8985256729903056 0.9960079893439915 0.9249644265435393 0.9910403787728836 0.9268162065593822 0.9860975442628619 0.17447043127123835 0.24244024774933298 0.1552063123037282 0.3993168767363899 0.22024824112705121 0.3042212640667041 0.21267289455348304 0.6194024846927992 0.2246975507363537 0.4408723064497562 0.5347264346319976 0.3325383789944587 0.3809831997393373 0.2397880190253247 0.5000735956957677 0.23906973293609704 0.29493508432298104 0.3989177594515557 0.24244024774933298 0.4430821880821678 0.20804518235702055 0.37046363137324745 0.18805891266527416 0.25082494837281116 0.28880602788595566 0.24832919843664533 0.17746178305160754 0.14763681113155352 0.27198727414833657 0.5384826510941678 0.46719899433818796 0.499074447985136 0.4252831910822742 0.17429604804611162 0.30330996790222275 0.2602792983785572 0.19262692343607832 0.26767010719674456 0.3918014784490004 0.4090164106114069 0.33756405300340836 0.2561479683791595 0.40131846091054196 0.6095709072963093 0.3675117456086936 0.3730659743671134 0.3642189795715233 0.30666479527190604 0.6770568744981648 0.3836594380436136 0.05361105404422151 0.16496862082263156 0.05213076528455393 0.10238654208140809 0.06952978896781553 0.020486277647979743 0.2885173662129614 0.036297732689732784 0.0734610459743132 0.03347354010021435 0.13225809503797217 0.12123796643338174 0.0836595242242629 0.171529502659847 0.13506488316034918 0.10383003454079698 0.1044548874321583 0.015685791129621054 0.012701946875283508 0.1826835240527347 0.06216270855188714 0.1912832433390546 0.018042954550750216 0.1741218391170474 0.07287570210383126 0.050539503549134716 0.1930125627937618 0.18581569195612968 0.08856664141493903 0.06476434879119362 0.04023572485550617 0.020527291203159676 0.08500884237169963 0.166293662890601 0.12027193199185901 0.02918793033062614 0.07934102062806961 0.10785149978837902 0.20412963934274966 0.0869867039646039 0.07029883866522854 0.10076139326830377 0.16496862082263156 0.0543125475754097 0.06111487433258836 0.10136777896585017 0.15412366181513149 0.12319337545326038 0.1006606822389427 0.16880686976305118 0
